
  69533   16095  195171  147691  129093   83358   20337   16016   81789  157976  168504  162474   71181  112869  172820

  136020  183239  177697   80117  167772   20398   77822  118570    7458   92532    4309  128989     219  193298    8337

   78585  147251   30939  114133   75875  194299   82058  143888    5542   91598  137186  148661    1928   69020  106906

   38758   79964   70253  157292  107583  142277  189678  143382   42524   81234   55720    9424  116745  194622    4516

  124729  155534   33759  187462   23737  171086  102822   56526  119223   59327  128025  171117   57216   52644  115518

  170085   82522  122183  116702   52754   83516   23517  119693   12720   85000  179503  185735  168059   57826   93820

   49269   31818   14099   89333  100436   66536   56672   64644  168730  166356  151670   62837   26587   10779   92812

  146067   31678  133579   26306  169737   26532   50666    5029  150071  114456   90768  140726   18768   30256   72542

   23029   58546  124729   71932  174059   13220   81490   23499    7232  166258  185070  199530   59224  181322   58809

  110550  163646  198791   91567   71181  135288  181762   71718  174877   33698    5529   47425  121427  174767   84127

  131754   41010  159099   27661   71529  158384   85995  124405   98562   41108   21655  141093   82064   75508   90481

   35425  101010  114114   58143   74428   55104  138309  175225  152348   33265   80013  150132    1971   58198   46046

   20068   93087  125919   89034  188830  111679  158964  168480      61   13855  192028   45875  114938  148094    8697

  157548   62770   39564  148246    8929   33491  130375  100949  134134   80648   69338   10925  164482    3692   45210

  105124   49745   78359  156944  167186  175945  103775  114828   75069   23255  135154   66286  121005  108072  170818

   39942  132688   52620  162175    1886  114346  126194   15607   17731   26508  101571  154820  114322   23206  170409

  112509  134794  165300  161375  120090  180712  128757    4803  164238  135123  126633   87520   78920   60164  163402

   41706  141776  163090   40510   11456  143528  124301   31873  140867  199182   81386   47956  127298   69771   62648

    7361  183690   63429  164036   34571   53541   84463   63173    2569   22449   99270  164299   39185  169817  187749

  167717  115823    4541   49061  157701  137394  128543  130417    2453   52150   71633   47627  159965     189  141727