       0      33      41       9      16      56      59      63      21      39      48      49       9      53      43      78      61      93      77      46

      33       0      49      91      78      23      71       7      12      22      40      46      92      68      59      76      69      17      47      91

      41      49       0      41      38      44      90      84      24      65      26      42      21      20      84      90      65      83      50      95

       9      91      41       0       6      17      29      88      99      37      68      92      65      38      55      93      72      41      34      14

      16      78      38       6       0      68      97      18      78      99      16      36      14      39      33      99      90       1      16      89

      56      23      44      17      68       0      47      15      45      17      11      51      23      38      36      38      42      88      82      29

      59      71      90      29      97      47       0      15      12      87       5      29      68       7      74      86      43      33      90      53

      63       7      84      88      18      15      15       0      80      57      67      36      67      88      55      83      71      80      82      38

      21      12      24      99      78      45      12      80       0      35      13      94      26      11      14       1      16      42      13      15

      39      22      65      37      99      17      87      57      35       0      87      42      21      11      58      11       6      47      61      20

      48      40      26      68      16      11       5      67      13      87       0      93      85      76      28      42      69      51      92      47

      49      46      42      92      36      51      29      36      94      42      93       0      45      28      35      55      77      85      70      90

       9      92      21      65      14      23      68      67      26      21      85      45       0      55      85      88      52      67      56      13

      53      68      20      38      39      38       7      88      11      11      76      28      55       0      82      38      93      16      63      28

      43      59      84      55      33      36      74      55      14      58      28      35      85      82       0      57      71       3      44      71

      78      76      90      93      99      38      86      83       1      11      42      55      88      38      57       0      78      75      55      83

      61      69      65      72      90      42      43      71      16       6      69      77      52      93      71      78       0      27      57      60

      93      17      83      41       1      88      33      80      42      47      51      85      67      16       3      75      27       0      88       3

      77      47      50      34      16      82      90      82      13      61      92      70      56      63      44      55      57      88       0      51

      46      91      95      14      89      29      53      38      15      20      47      90      13      28      71      83      60       3      51       0

