
  485229  350779  257988  239478  237159   73793  459288   19257  272469  394100

  388546  487640  174474  376827  375469  259971  144306  231604  427076  476622

  108935    1037   46235  180303  386928   29358  100054  122180   83620  445753

  284844  106097  137730  146702  484725  230140  191137   11871   70665  135151

  203787  337488  436811  119434  485686  222067  320856  228949   67583  388668

  205755  182653   82659  177938  349147  241981   80507  196523  237556  384151

  445875  355098   12466  388531  343607  280343  164830  195486  361964  335505

   44907  146992  275948  233527  484679  468565  102679  477477   79119  101641

  370586  112353  423856  246131  274422   23010  355403  221991  137791  262077

  491546    9842  355327  142780  118121   79485  235999   80629  219565  365840

  419934  418561  199743    1876  290124  219794   90121  167699   51255  263023

  292245  165044  397412  223853  151036   77059  440412  277352  406216  122165

  320856  105792  318445   61677  173680   46021   17181  270653  369991  360957

  367091  330957  207205  369304  399777  256385  469298  418240  108035  208914

   29023  433103  149067  315500  414044   28687  253883  444868    8713  416440

  389614   53697  313638   91784  471541  461409  434507   36362  171941  163060

  222495  419049  122394   39887  237815   30411   56535   76342  458403  435163

  190115  443647  405514   76418  385296   58732  108355  316782  395870  478331

   79348  150074  240562  237174  221991   68575    1007  490112  343241  319742

   91540   67155  192312   36973  297387  301156  197698  478911  128376  237067

  324182  361293  284997   82705  222083   16144  283532    9872   90105  362437

   37308  165593  424161  422528  440870    2548   73625  369060  253913  288323

  277199  336436  332041  402752  100131  481261     808  282586  444608   26184

  120548  123187   55299  271691  138142  196295  191991  309762  173238  393429

  390911  424298  435407  354228  486861  412335   19196  289162  318124  310480

  374156  355937  285607  261162  496307  198980  188512    2716  138340   11383

    8224  218024   85192  228720   62288  225791  291940  213980  200399  249107

  430784   43229  464232  245429  144230  251106  383053   32471   51133  145695

  326944  194479  302545   52171   89495    2960  234138   94409  121860  336619

  412457  374172   90090  334574  121295  157048  177526  267448   85573  424695

  304284  360469  479338  402539  185430   53224   14725  422544  400204  430310

  159123  230277  393429  307077  276726   95675   81835  205267  242194  336985

  486526  202536  322565  116901   63615  390362  374736  120960  155308  424832

  155201  476760  232520  404431  289025   23926  351802   59511  194753  294167

  497665  487548   12436  310312  232764  418652  331278   64455  327433  245887

  264000  283974  290612  304452  164922  344935  474105  134281   38239  442594

  171742  210516  433790  377849  385891  376018  376796   69429  182409  460432

  128986  151020  306680  320245  327311  262657  482070  283959  297601  395901

   62974  237022   89968  402066  464247  330744   32670   22980   38666   49623

  351481   53453  324900  121463  151173  495056  337015    4562  306512  310403

  318277  436521   59022  137531  130329  278893  366771   73503  200277  142124

  303994  386715  197058   25193   57359  267311  359309  454130  315851  475157

  146397  354045  100894  494460  134632  139011  334116   54780  330408  253852

  188894  127536  322244  152699   23285  257484  443617  448332  440763  338465

  368236  216696  275627  193075  310098  191366   50355   65141  249626  331705

  201315  384899  358195  499557  119907  415845   42741  228827  306207  142872

  282433  321985  181508   10986  179082  258278  357142  374004  393353  147755

  406109  262459  388668  215536  434568  330454  154438   50828  499984   90350

  330881  104937  172826  295083  406826  172551  288750   77272  412869  340998

  187948  204519  281365  141453  488845   60243  295388  386928  192754  209662
